#Freq[Hz]   #Amp[V] #deltat[µs]
10          0.1     25000
30          0.3     7500
50          0.48    5000
70          0.68    3500
90          0.8     2600
100         0.95    2400
300         2.8     700
500         4.4     350
700         5.4     225
900         6.4     160
1000        6.8     120
3000        9       12.5
5000        9       0
7000        9       -2
9000        9       -4
10000       9       -4
30000       7       -4
50000       5       -3
70000       4       -2.5
100000      2.8     -2